3 0 -0.9 0 0 0 0 1 0.1 0.1
3 -0.25 0.25 0 0 0 0 0.075 0.1 1
3 0.25 0.25 0 0 0 0 0.075 0.1 1
3 -0.3 0.2 0 0 0 0 0.1 0.1 1
3 -0.2 0.2 0 0 0 0 0.1 0.1 1
3 0.3 0.2 0 0 0 0 0.1 0.1 1
3 0.2 0.2 0 0 0 0 0.1 0.1 1
3 -0.2 0.1 0 0 0 0 0.1 0.1 1
3 -0.4 0.1 0 0 0 0 0.1 0.1 1
3 0 0.1 0 0 0 0 0.1 0.1 1
3 0.2 0.1 0 0 0 0 0.1 0.1 1
3 0.4 0.1 0 0 0 0 0.1 0.1 1
3 -0.2 0 0 0 0 0 0.1 0.1 1
3 -0.3 0 0 0 0 0 0.1 0.1 1
3 0 0 0 0 0 0 0.1 0.1 1
3 0.2 0 0 0 0 0 0.1 0.1 1
3 0.3 0 0 0 0 0 0.1 0.1 1
3 -0.2 -0.1 0 0 0 0 0.1 0.1 1
3 0 -0.1 0 0 0 0 0.1 0.1 1
3 0.2 -0.1 0 0 0 0 0.1 0.1 1
3 -0.1 -0.2 0 0 0 0 0.1 0.1 1
3 0 -0.2 0 0 0 0 0.1 0.1 1
3 0.1 -0.2 0 0 0 0 0.1 0.1 1
3 0 -0.3 0 0 0 0 0.1 0.1 1